2
1
7
-0.554778  0.831998
 -13.5264 0.0540511   1.20484  -8.93321 -0.187603   -10.897  -5.33538
0.0540511  -12.5085  -8.74596  -4.59534  -1.79403  -11.1492  -6.54706
 1.20484 -8.74596 -13.2282  1.41808  -10.868 -7.64799 -6.90467
-8.93321 -4.59534  1.41808 -24.5535  8.17085 -16.9505 -18.5656
-0.187603  -1.79403   -10.868   8.17085   -24.233  -3.19747  -6.32033
 -10.897 -11.1492 -7.64799 -16.9505 -3.19747 -29.5903 -21.4619
-5.33538 -6.54706 -6.90467 -18.5656 -6.32033 -21.4619 -30.3552
-0.744507   2.10341    2.3033        -0        -0        -0        -0
  2.10341 -0.018299 -0.682242        -0        -0        -0        -0
   2.3033 -0.682242   2.47488        -0        -0        -0        -0
      -0       -0       -0 0.744507 -2.10341  -2.3033       -0
      -0       -0       -0 -2.10341 0.018299 0.682242       -0
      -0       -0       -0  -2.3033 0.682242 -2.47488       -0
-0 -0 -0 -0 -0 -0 -0
2.71981 2.99666 1.37223      -0      -0      -0      -0
  2.99666 -0.181023 -0.458427        -0        -0        -0        -0
  1.37223 -0.458427   2.91464        -0        -0        -0        -0
      -0       -0       -0 -2.71981 -2.99666 -1.37223       -0
      -0       -0       -0 -2.99666 0.181023 0.458427       -0
      -0       -0       -0 -1.37223 0.458427 -2.91464       -0
-0 -0 -0 -0 -0 -0 -0
